29.75
28.67
52.53
24.63
27.83
38.97
26.83
27.65
3.65
29.35
28.62
28.25
27.88
27.73
29.03
29.17
28.70
27.15
3.55
29.25
54.95
38.73
29.23
30.32
31.05
28.65
28.20
27.60
7.63
29.42
53.70
28.75
49.82
19.13
27.75
27.67
30.20
26.27
28.33
3.75
28.13
39.30
28.10
3.80
27.93
52.85
5.45
27.47
38.53
27.75
12.30
27.67
30.62
50.25
30.53
3.60
27.90
29.77
26.40
28.40
3.70
50.00
28.28
9.60
27.35
30.93
27.32
3.55
36.18
39.43
4.78
28.70
50.35
28.20
3.85
31.42
52.82
53.97
27.35
27.93
53.30
27.22
53.70
51.95
31.78
28.18
27.38
28.53
50.05
15.93
29.33
28.25
27.95
30.70
4.03
35.63
28.28
26.62
28.60
29.93
28.08
52.25
53.60
28.75
27.15
54.40
27.13
26.27
28.38
30.07
26.88
28.27
27.90
28.22
28.53
27.62
27.17
39.45
27.70
3.25
27.03
55.15
27.03
26.05
32.53
28.58
29.65
36.55
27.10
52.38
54.52
50.30
51.83
33.22
51.62
53.08
27.13
27.68
48.05
20.15
27.73
39.80
29.58
25.80
52.95
30.30
3.13
26.70
54.02
51.30
37.77
26.22
27.20
51.27
53.98
54.73
27.75
27.38
28.00
26.52
28.65
26.85
26.08
12.55
27.55
28.22
28.37
25.43
29.05
29.55
52.67
27.42
28.62
29.38
43.48
26.68
26.98
53.22
53.45
52.90
54.00
46.57
51.25
30.22
29.95
3.40
26.37
26.95
50.05
26.00
27.35
3.35
28.30
27.42
27.15
26.25
3.95
27.20
51.25
27.42
35.72
46.32
38.78
49.75
53.32
51.40
29.35
26.55
26.48
13.10
27.07
52.35
27.37
3.80
29.22
26.47
27.32
3.80
27.10
30.93
51.30
24.93
27.45
54.20
53.93
70.70
57.15
55.73
68.93
42.18
43.70
23.75
46.95
51.45
28.32
20.97
26.62
53.35
28.10
40.53
26.48
26.50
51.38
52.92
27.20
50.88
68.18
44.30
43.42
43.65
33.18
37.75
52.10
33.00
50.25
33.65
28.73
28.42
28.23
51.35
27.90
48.82
27.75
49.75
50.30
51.80
53.93
53.48
49.90
49.33
37.40
54.00
53.37
52.00
47.85
52.23
53.15
55.98
48.53
49.62
51.20
51.05
30.63
28.65
56.20
55.20
44.35
36.38
50.75
50.80
50.95
67.63
44.23
43.28
44.07
68.10
82.75
90.10
89.70
87.17
66.85
76.20
54.05
49.35
64.85
53.03
43.90
43.28
42.75
36.15
50.28
35.03
50.83
50.63
51.55
51.85
51.47
69.00
43.95
55.90
90.05
89.43
87.73
89.18
89.60
86.60
85.90
50.25
52.48
41.50
42.00
41.95
42.15
36.65
26.05
26.45
50.43
49.55
49.78
48.97
49.55
36.65
37.08
80.28
89.80
88.92
90.10
90.80
88.80
90.55
88.98
86.63
85.85
48.37
49.97
25.47
24.68
47.73
48.95
48.35
64.48
42.57
43.80
43.33
42.52
41.25
43.07
54.25
57.30
65.55
88.17
74.38
88.42
86.13
74.22
63.80
75.02
42.95
40.30
18.00
24.73
49.57
47.47
49.67
50.93
37.03
25.95
48.48
49.10
50.20
37.30
45.45
47.37
88.27
77.50
87.75
87.90
87.57
64.90
63.65
52.55
42.65
41.65
41.53
42.52
41.98
25.00
26.00
29.83
34.45
51.05
30.83
46.40
70.40
48.30
49.57
40.85
41.92
41.95
41.30
41.40
44.40
49.80
59.30
47.85
48.65
49.40
49.90
37.70
26.87
49.30
50.57
50.55
51.00
52.77
46.80
55.98
77.10
64.03
53.75
53.52
40.70
14.95
57.18
56.05
46.30
69.63
52.70
42.10
53.88
42.20
39.55
59.10
50.33
77.00
35.23
49.83
49.40
48.72
77.35
43.92
26.97
55.30
48.20
63.45
80.10
85.90
86.10
85.77
24.17
3.70
3.20
3.82
4.13
70.95
31.32
48.82
48.62
36.87
49.77
63.40
46.65
49.17
49.35
49.35
47.28
49.08
65.50
48.23
68.08
86.25
52.85
58.73
47.17
67.85
53.33
52.07
67.68
26.67
47.82
25.47
25.43
49.27
48.95
48.58
46.40
38.92
25.25
49.20
25.68
48.68
25.65
48.97
48.38
58.28
27.22
48.48
50.20
50.47
25.87
48.13
59.72
46.13
31.48
24.70
51.80
41.70
40.65
42.07
46.75
42.05
38.03
50.05
54.60
49.50
55.65
46.47
75.10
73.68
62.58
51.28
51.58
40.88
40.60
40.20
22.70
25.45
25.37
4.63
25.88
25.20
13.13
47.37
26.00
24.77
24.98
23.78
31.85
25.13
47.92
40.52
64.12
52.10
41.95
42.05
41.85
30.15
24.88
3.73
47.88
26.52
48.40
4.72
21.13
27.62
23.70
26.10
5.08
28.25
49.63
32.70
47.77
48.52
27.27
26.62
47.23
43.35
23.78
35.90
42.97
32.63
25.88
26.30
25.55
27.38
26.00
28.83
24.55
26.10
48.38
25.12
36.43
47.63
65.53
41.48
40.93
76.18
51.90
41.35
42.18
46.53
47.18
46.75
47.73
54.58
41.27
60.88
56.45
41.35
62.77
57.33
40.05
42.33
54.32
46.90
49.30
43.92
49.85
46.95
48.30
47.77
54.15
55.65
85.20
85.88
83.30
77.40
72.40
70.90
72.80
72.62
59.45
39.95
40.00
40.40
40.12
40.80
61.50
50.73
40.50
50.97
24.12
3.90
13.57
5.40
31.62
72.63
73.83
83.47
82.20
81.93
79.98
69.75
71.87
59.42
60.02
49.25
39.05
38.85
35.00
45.15
60.65
50.13
39.65
40.30
40.42
40.28
40.00
39.72
40.28
80.27
82.63
81.63
82.82
82.70
83.63
80.55
79.63
52.95
60.07
49.58
38.20
38.48
45.80
56.00
51.27
50.85
46.35
42.22
42.73
48.05
48.33
26.00
59.20
69.78
82.60
83.00
83.73
83.48
80.55
70.22
69.33
70.05
60.73
45.88
45.00
46.32
52.55
38.33
50.15
39.00
